epoch,time,train/box_loss,train/cls_loss,train/l1_loss,metrics/precision(B),metrics/recall(B),metrics/mAP50(B),metrics/mAP50-95(B),val/box_loss,val/cls_loss,val/l1_loss,lr/pg0,lr/pg1,lr/pg2,lr/pg3,lr/pg4,lr/pg5,lr/pg6,lr/pg7
1,105.732,1.53939,3.64107,0.0055,0.72376,0.56462,0.62964,0.38701,1.46052,2.30444,0.00622,0.00995261,0.00331754,0.00995261,0.00331754,0.00995261,0.00331754,0.00995261,0.00331754
2,181.731,1.57779,2.0246,0.00558,0.72436,0.56333,0.62976,0.37329,1.50893,1.99244,0.00655,0.0198209,0.00660697,0.0198209,0.00660697,0.0198209,0.00660697,0.0198209,0.00660697
3,256.749,1.66062,1.80783,0.00593,0.67881,0.51338,0.55212,0.29941,1.83638,3.04441,0.00843,0.0295572,0.00985241,0.0295572,0.00985241,0.0295572,0.00985241,0.0295572,0.00985241
4,331.269,1.84455,2.01491,0.00674,0.75202,0.54348,0.60516,0.32903,1.74637,1.91351,0.00765,0.029406,0.009802,0.029406,0.009802,0.029406,0.009802,0.029406,0.009802
5,406.033,1.78801,1.85052,0.00657,0.64084,0.47726,0.51576,0.2901,1.69203,3.12783,0.00732,0.029208,0.009736,0.029208,0.009736,0.029208,0.009736,0.029208,0.009736
6,480.527,1.75806,1.71381,0.00636,0.74286,0.55704,0.63562,0.36011,1.63213,1.68176,0.00731,0.02901,0.00967,0.02901,0.00967,0.02901,0.00967,0.02901,0.00967
7,558.433,1.69434,1.59826,0.00608,0.77802,0.57641,0.67254,0.39635,1.56869,1.50422,0.00679,0.028812,0.009604,0.028812,0.009604,0.028812,0.009604,0.028812,0.009604
8,636.666,1.7168,1.56746,0.00622,0.75842,0.62314,0.70817,0.41851,1.58633,1.39656,0.00705,0.028614,0.009538,0.028614,0.009538,0.028614,0.009538,0.028614,0.009538
9,715.325,1.68943,1.52931,0.00613,0.80122,0.67812,0.75759,0.45577,1.48169,1.3307,0.00644,0.028416,0.009472,0.028416,0.009472,0.028416,0.009472,0.028416,0.009472
10,791.237,1.63774,1.41638,0.00597,0.764,0.64562,0.70239,0.43746,1.49355,1.40197,0.00654,0.028218,0.009406,0.028218,0.009406,0.028218,0.009406,0.028218,0.009406
11,867.778,1.62026,1.30818,0.00575,0.81043,0.68336,0.76895,0.48281,1.44644,1.14631,0.00633,0.02802,0.00934,0.02802,0.00934,0.02802,0.00934,0.02802,0.00934
12,943.222,1.6004,1.34004,0.00577,0.82606,0.66824,0.76814,0.46232,1.49806,1.21781,0.0065,0.027822,0.009274,0.027822,0.009274,0.027822,0.009274,0.027822,0.009274
13,1018.63,1.61896,1.33179,0.00581,0.77371,0.70126,0.76112,0.48077,1.40191,1.18506,0.00593,0.027624,0.009208,0.027624,0.009208,0.027624,0.009208,0.027624,0.009208
14,1093.66,1.5735,1.2535,0.00559,0.85128,0.62665,0.73841,0.46459,1.4053,1.28496,0.00606,0.027426,0.009142,0.027426,0.009142,0.027426,0.009142,0.027426,0.009142
15,1168.26,1.58348,1.23557,0.00576,0.87236,0.72349,0.81841,0.50051,1.43972,1.03492,0.00635,0.027228,0.009076,0.027228,0.009076,0.027228,0.009076,0.027228,0.009076
16,1242.35,1.58313,1.19838,0.00559,0.79508,0.67478,0.77541,0.48548,1.38717,1.18764,0.006,0.02703,0.00901,0.02703,0.00901,0.02703,0.00901,0.02703,0.00901
17,1317.13,1.53579,1.17341,0.00536,0.769,0.69536,0.76916,0.47927,1.37254,1.13627,0.00591,0.026832,0.008944,0.026832,0.008944,0.026832,0.008944,0.026832,0.008944
18,1392.01,1.56266,1.14741,0.00561,0.83617,0.75425,0.83886,0.52417,1.3756,1.0216,0.00587,0.026634,0.008878,0.026634,0.008878,0.026634,0.008878,0.026634,0.008878
19,1466.05,1.5197,1.10206,0.00526,0.88439,0.7949,0.87535,0.57238,1.29959,0.84128,0.00553,0.026436,0.008812,0.026436,0.008812,0.026436,0.008812,0.026436,0.008812
20,1539.03,1.55102,1.10581,0.00543,0.83942,0.78557,0.85856,0.5407,1.30113,0.84378,0.00558,0.026238,0.008746,0.026238,0.008746,0.026238,0.008746,0.026238,0.008746
21,1612.18,1.53006,1.095,0.00536,0.88757,0.73127,0.84313,0.53424,1.3413,0.93006,0.00583,0.02604,0.00868,0.02604,0.00868,0.02604,0.00868,0.02604,0.00868
22,1685.53,1.50683,1.06997,0.00535,0.87159,0.80624,0.88453,0.57391,1.28255,0.81626,0.00543,0.025842,0.008614,0.025842,0.008614,0.025842,0.008614,0.025842,0.008614
23,1758.67,1.4863,1.05274,0.0052,0.89472,0.78072,0.89151,0.57746,1.31213,0.75811,0.00553,0.025644,0.008548,0.025644,0.008548,0.025644,0.008548,0.025644,0.008548
24,1831.53,1.5164,1.07962,0.00536,0.8148,0.79301,0.86062,0.56065,1.2849,0.85019,0.0054,0.025446,0.008482,0.025446,0.008482,0.025446,0.008482,0.025446,0.008482
25,1906.36,1.4912,1.03598,0.00524,0.80694,0.77127,0.84378,0.55189,1.27602,0.90091,0.00547,0.025248,0.008416,0.025248,0.008416,0.025248,0.008416,0.025248,0.008416
26,1984.6,1.48944,1.03589,0.00522,0.81319,0.75294,0.8464,0.56127,1.23645,0.92062,0.00517,0.02505,0.00835,0.02505,0.00835,0.02505,0.00835,0.02505,0.00835
27,2063.23,1.47705,1.02231,0.00506,0.79343,0.77977,0.84365,0.54166,1.2867,0.88813,0.00545,0.024852,0.008284,0.024852,0.008284,0.024852,0.008284,0.024852,0.008284
28,2142,1.46891,0.9815,0.00507,0.82437,0.75864,0.84479,0.55204,1.27646,0.94098,0.0054,0.024654,0.008218,0.024654,0.008218,0.024654,0.008218,0.024654,0.008218
29,2221.34,1.44124,1.01609,0.00493,0.77911,0.79344,0.82323,0.55587,1.21644,0.94743,0.00515,0.024456,0.008152,0.024456,0.008152,0.024456,0.008152,0.024456,0.008152
30,2300.23,1.46086,1.00344,0.00503,0.82407,0.76592,0.84691,0.54779,1.24081,0.88997,0.00526,0.024258,0.008086,0.024258,0.008086,0.024258,0.008086,0.024258,0.008086
31,2378.92,1.46311,0.98367,0.00507,0.78946,0.78828,0.84558,0.56084,1.23834,0.8577,0.0051,0.02406,0.00802,0.02406,0.00802,0.02406,0.00802,0.02406,0.00802
32,2457.92,1.40057,0.92638,0.00484,0.82521,0.81569,0.87647,0.57093,1.19801,0.75011,0.00507,0.023862,0.007954,0.023862,0.007954,0.023862,0.007954,0.023862,0.007954
33,2537.03,1.41322,0.95202,0.00495,0.8412,0.78105,0.86395,0.57654,1.23986,0.81503,0.00519,0.023664,0.007888,0.023664,0.007888,0.023664,0.007888,0.023664,0.007888
34,2618.03,1.44622,0.95179,0.00496,0.77155,0.81569,0.85448,0.5755,1.22043,0.85453,0.0051,0.023466,0.007822,0.023466,0.007822,0.023466,0.007822,0.023466,0.007822
35,2699.15,1.43885,0.90455,0.00486,0.83766,0.83887,0.89613,0.60652,1.18902,0.69227,0.00497,0.023268,0.007756,0.023268,0.007756,0.023268,0.007756,0.023268,0.007756
36,2779.14,1.41263,0.90248,0.00485,0.83534,0.80074,0.87901,0.59452,1.20597,0.79548,0.00503,0.02307,0.00769,0.02307,0.00769,0.02307,0.00769,0.02307,0.00769
37,2856.17,1.39378,0.87759,0.00483,0.85558,0.83081,0.88535,0.60482,1.16881,0.76287,0.00488,0.022872,0.007624,0.022872,0.007624,0.022872,0.007624,0.022872,0.007624
38,2931.41,1.41321,0.89188,0.00485,0.87549,0.81474,0.89942,0.59801,1.21905,0.69688,0.00506,0.022674,0.007558,0.022674,0.007558,0.022674,0.007558,0.022674,0.007558
39,3010.57,1.34703,0.86777,0.00465,0.85037,0.83365,0.90596,0.62357,1.1475,0.69239,0.00484,0.022476,0.007492,0.022476,0.007492,0.022476,0.007492,0.022476,0.007492
40,3089.17,1.35405,0.81318,0.00469,0.86576,0.83648,0.89591,0.61501,1.16774,0.73617,0.00487,0.022278,0.007426,0.022278,0.007426,0.022278,0.007426,0.022278,0.007426
41,3167.82,1.35801,0.8393,0.0046,0.89181,0.81096,0.90443,0.60733,1.1782,0.68139,0.00495,0.02208,0.00736,0.02208,0.00736,0.02208,0.00736,0.02208,0.00736
42,3247.44,1.36866,0.83873,0.00474,0.86491,0.81191,0.89565,0.59559,1.19028,0.72818,0.00493,0.021882,0.007294,0.021882,0.007294,0.021882,0.007294,0.021882,0.007294
43,3327.68,1.3865,0.82316,0.00471,0.85215,0.82609,0.89843,0.61699,1.12032,0.70405,0.00468,0.021684,0.007228,0.021684,0.007228,0.021684,0.007228,0.021684,0.007228
44,3403.33,1.37339,0.83732,0.00469,0.85997,0.82609,0.90141,0.61364,1.13199,0.71299,0.0047,0.021486,0.007162,0.021486,0.007162,0.021486,0.007162,0.021486,0.007162
45,3478.46,1.38076,0.85044,0.00466,0.8765,0.85197,0.91313,0.6291,1.12937,0.63968,0.00467,0.021288,0.007096,0.021288,0.007096,0.021288,0.007096,0.021288,0.007096
46,3554.09,1.35842,0.82409,0.0046,0.8876,0.84594,0.92001,0.6307,1.08576,0.64359,0.0045,0.02109,0.00703,0.02109,0.00703,0.02109,0.00703,0.02109,0.00703
47,3628.4,1.33453,0.82178,0.00456,0.87345,0.84121,0.90892,0.62064,1.13383,0.66129,0.00475,0.020892,0.006964,0.020892,0.006964,0.020892,0.006964,0.020892,0.006964
48,3702.81,1.36082,0.77052,0.00467,0.89396,0.8446,0.91904,0.64484,1.10447,0.64388,0.0046,0.020694,0.006898,0.020694,0.006898,0.020694,0.006898,0.020694,0.006898
49,3777.26,1.34977,0.82194,0.00464,0.85247,0.84594,0.90152,0.63358,1.11622,0.64717,0.0046,0.020496,0.006832,0.020496,0.006832,0.020496,0.006832,0.020496,0.006832
50,3852.57,1.3534,0.7863,0.00453,0.85943,0.84371,0.90925,0.62839,1.11786,0.6458,0.00466,0.020298,0.006766,0.020298,0.006766,0.020298,0.006766,0.020298,0.006766
51,3927.74,1.34957,0.78524,0.00461,0.86112,0.862,0.92075,0.63805,1.10444,0.61383,0.00458,0.0201,0.0067,0.0201,0.0067,0.0201,0.0067,0.0201,0.0067
52,4002.45,1.31216,0.75004,0.00445,0.89803,0.85539,0.92509,0.63319,1.12635,0.60629,0.00465,0.019902,0.006634,0.019902,0.006634,0.019902,0.006634,0.019902,0.006634
53,4077.02,1.33503,0.767,0.00456,0.87785,0.85728,0.92462,0.64352,1.10183,0.60253,0.00455,0.019704,0.006568,0.019704,0.006568,0.019704,0.006568,0.019704,0.006568
54,4151.11,1.30689,0.78386,0.00436,0.87529,0.86237,0.9185,0.65081,1.08423,0.60344,0.00447,0.019506,0.006502,0.019506,0.006502,0.019506,0.006502,0.019506,0.006502
55,4226.42,1.30297,0.75739,0.00446,0.89685,0.84121,0.92794,0.6602,1.07411,0.59896,0.0044,0.019308,0.006436,0.019308,0.006436,0.019308,0.006436,0.019308,0.006436
56,4301.45,1.29586,0.76217,0.00434,0.89404,0.84026,0.9214,0.6558,1.0525,0.61985,0.0044,0.01911,0.00637,0.01911,0.00637,0.01911,0.00637,0.01911,0.00637
57,4376.11,1.30452,0.76169,0.00444,0.88843,0.86295,0.93204,0.65441,1.05775,0.59774,0.00439,0.018912,0.006304,0.018912,0.006304,0.018912,0.006304,0.018912,0.006304
58,4451.03,1.28501,0.74002,0.00437,0.8659,0.86055,0.91852,0.64985,1.07495,0.60325,0.00446,0.018714,0.006238,0.018714,0.006238,0.018714,0.006238,0.018714,0.006238
59,4525.37,1.2854,0.7412,0.00436,0.88653,0.87876,0.92471,0.6534,1.08078,0.64203,0.00446,0.018516,0.006172,0.018516,0.006172,0.018516,0.006172,0.018516,0.006172
60,4600.21,1.30259,0.75302,0.00443,0.85416,0.87051,0.91668,0.64513,1.10071,0.61688,0.00459,0.018318,0.006106,0.018318,0.006106,0.018318,0.006106,0.018318,0.006106
61,4676.68,1.28586,0.73284,0.00437,0.87422,0.87146,0.92449,0.64663,1.07428,0.56882,0.00449,0.01812,0.00604,0.01812,0.00604,0.01812,0.00604,0.01812,0.00604
62,4753.61,1.29342,0.73307,0.00437,0.90708,0.87051,0.93693,0.66388,1.04606,0.55574,0.00433,0.017922,0.005974,0.017922,0.005974,0.017922,0.005974,0.017922,0.005974
63,4829.43,1.26864,0.69448,0.0043,0.90898,0.84955,0.93123,0.66075,1.05493,0.5608,0.00437,0.017724,0.005908,0.017724,0.005908,0.017724,0.005908,0.017724,0.005908
64,4904.02,1.28885,0.72151,0.0043,0.88553,0.8628,0.92658,0.65521,1.03484,0.57878,0.00429,0.017526,0.005842,0.017526,0.005842,0.017526,0.005842,0.017526,0.005842
65,4978.41,1.27624,0.70885,0.00434,0.90093,0.87996,0.93538,0.65772,1.04881,0.54384,0.00431,0.017328,0.005776,0.017328,0.005776,0.017328,0.005776,0.017328,0.005776
66,5053.42,1.26918,0.71513,0.00423,0.90819,0.86957,0.93384,0.66953,1.05987,0.54734,0.00436,0.01713,0.00571,0.01713,0.00571,0.01713,0.00571,0.01713,0.00571
67,5128.11,1.26694,0.72082,0.00429,0.89513,0.88563,0.93991,0.6668,1.04272,0.55165,0.00429,0.016932,0.005644,0.016932,0.005644,0.016932,0.005644,0.016932,0.005644
68,5202.12,1.24955,0.69086,0.0042,0.89663,0.87713,0.9361,0.67243,1.01423,0.54947,0.00413,0.016734,0.005578,0.016734,0.005578,0.016734,0.005578,0.016734,0.005578
69,5276.69,1.24592,0.69379,0.00416,0.89775,0.888,0.93786,0.6725,1.05026,0.52904,0.00434,0.016536,0.005512,0.016536,0.005512,0.016536,0.005512,0.016536,0.005512
70,5350.47,1.24074,0.69156,0.00422,0.8848,0.88567,0.93113,0.65953,1.0548,0.55675,0.00436,0.016338,0.005446,0.016338,0.005446,0.016338,0.005446,0.016338,0.005446
71,5425.02,1.25931,0.69978,0.00425,0.88656,0.86106,0.93147,0.67136,1.02219,0.57035,0.00414,0.01614,0.00538,0.01614,0.00538,0.01614,0.00538,0.01614,0.00538
72,5499.82,1.25224,0.67401,0.00418,0.89193,0.88147,0.93932,0.67509,1.03156,0.51833,0.00425,0.015942,0.005314,0.015942,0.005314,0.015942,0.005314,0.015942,0.005314
73,5574.67,1.22738,0.69153,0.0042,0.86005,0.89887,0.92902,0.67048,1.02358,0.53975,0.00423,0.015744,0.005248,0.015744,0.005248,0.015744,0.005248,0.015744,0.005248
74,5649.53,1.24558,0.68235,0.00409,0.88159,0.89414,0.93637,0.67536,1.02122,0.53686,0.00419,0.015546,0.005182,0.015546,0.005182,0.015546,0.005182,0.015546,0.005182
75,5728.97,1.21931,0.6519,0.0041,0.91449,0.87429,0.9433,0.67634,1.0267,0.52618,0.00423,0.015348,0.005116,0.015348,0.005116,0.015348,0.005116,0.015348,0.005116
76,5808.68,1.22175,0.64265,0.00408,0.90245,0.90065,0.94382,0.68374,1.01339,0.51773,0.00416,0.01515,0.00505,0.01515,0.00505,0.01515,0.00505,0.01515,0.00505
77,5888.96,1.21234,0.63677,0.004,0.88922,0.9017,0.93808,0.67732,1.00842,0.52302,0.00415,0.014952,0.004984,0.014952,0.004984,0.014952,0.004984,0.014952,0.004984
78,5968.72,1.22088,0.65149,0.00412,0.89612,0.88059,0.93819,0.68182,1.00145,0.52994,0.00411,0.014754,0.004918,0.014754,0.004918,0.014754,0.004918,0.014754,0.004918
79,6048.54,1.22948,0.65105,0.00406,0.88319,0.88563,0.93833,0.68259,1.00266,0.51555,0.00414,0.014556,0.004852,0.014556,0.004852,0.014556,0.004852,0.014556,0.004852
80,6128.8,1.21474,0.63851,0.00403,0.91071,0.87722,0.93892,0.68116,1.00838,0.50699,0.00416,0.014358,0.004786,0.014358,0.004786,0.014358,0.004786,0.014358,0.004786
81,6210.14,1.20491,0.62959,0.00404,0.9278,0.88662,0.944,0.68493,1.00368,0.49652,0.00413,0.01416,0.00472,0.01416,0.00472,0.01416,0.00472,0.01416,0.00472
82,6287.59,1.20049,0.62186,0.00403,0.91391,0.87618,0.94164,0.68454,0.99377,0.50385,0.00412,0.013962,0.004654,0.013962,0.004654,0.013962,0.004654,0.013962,0.004654
83,6363.16,1.20504,0.599,0.00401,0.92349,0.88992,0.95258,0.69447,0.97902,0.49531,0.00401,0.013764,0.004588,0.013764,0.004588,0.013764,0.004588,0.013764,0.004588
84,6441.4,1.21879,0.63825,0.0041,0.93176,0.9034,0.94962,0.70463,0.98255,0.47709,0.00402,0.013566,0.004522,0.013566,0.004522,0.013566,0.004522,0.013566,0.004522
85,6520.65,1.16655,0.59382,0.00389,0.90785,0.90322,0.94569,0.6981,0.98525,0.49036,0.004,0.013368,0.004456,0.013368,0.004456,0.013368,0.004456,0.013368,0.004456
86,6597.78,1.198,0.5976,0.00406,0.90304,0.89787,0.94238,0.69423,0.98517,0.50778,0.00402,0.01317,0.00439,0.01317,0.00439,0.01317,0.00439,0.01317,0.00439
87,6674.16,1.17936,0.60825,0.00387,0.90743,0.90737,0.94522,0.70026,0.98416,0.49366,0.004,0.012972,0.004324,0.012972,0.004324,0.012972,0.004324,0.012972,0.004324
88,6749.79,1.17693,0.58029,0.00393,0.92464,0.90452,0.95019,0.69728,0.98872,0.4741,0.00403,0.012774,0.004258,0.012774,0.004258,0.012774,0.004258,0.012774,0.004258
89,6825.72,1.17186,0.5951,0.00379,0.92691,0.88707,0.95027,0.69123,1.00145,0.47942,0.00412,0.012576,0.004192,0.012576,0.004192,0.012576,0.004192,0.012576,0.004192
90,6900.57,1.18581,0.61623,0.00395,0.9203,0.89509,0.9488,0.69106,0.98865,0.50058,0.00406,0.012378,0.004126,0.012378,0.004126,0.012378,0.004126,0.012378,0.004126
91,6975.56,1.16769,0.59457,0.00389,0.92915,0.88004,0.94613,0.68359,0.98625,0.48357,0.00408,0.01218,0.00406,0.01218,0.00406,0.01218,0.00406,0.01218,0.00406
92,7050.83,1.14585,0.57906,0.00381,0.92,0.89225,0.95202,0.69215,0.97202,0.49555,0.00399,0.011982,0.003994,0.011982,0.003994,0.011982,0.003994,0.011982,0.003994
93,7126.97,1.15399,0.60097,0.00392,0.89472,0.90737,0.94569,0.6897,0.97498,0.50247,0.004,0.011784,0.003928,0.011784,0.003928,0.011784,0.003928,0.011784,0.003928
94,7202.56,1.17429,0.59367,0.00387,0.91767,0.91682,0.95096,0.7041,0.97086,0.47296,0.00398,0.011586,0.003862,0.011586,0.003862,0.011586,0.003862,0.011586,0.003862
95,7277.89,1.15253,0.58266,0.00385,0.92598,0.9105,0.95287,0.70464,0.97061,0.47414,0.00397,0.011388,0.003796,0.011388,0.003796,0.011388,0.003796,0.011388,0.003796
96,7353.86,1.17217,0.57052,0.00387,0.93928,0.90359,0.95229,0.69943,0.97484,0.46846,0.00398,0.01119,0.00373,0.01119,0.00373,0.01119,0.00373,0.01119,0.00373
97,7429.16,1.16747,0.58852,0.00386,0.92888,0.91399,0.95279,0.70201,0.97616,0.47721,0.00398,0.010992,0.003664,0.010992,0.003664,0.010992,0.003664,0.010992,0.003664
98,7505.04,1.12612,0.57522,0.00368,0.93599,0.91212,0.95447,0.70436,0.97429,0.47192,0.00397,0.010794,0.003598,0.010794,0.003598,0.010794,0.003598,0.010794,0.003598
99,7580.8,1.12088,0.54433,0.00368,0.92359,0.91021,0.9514,0.70154,0.97022,0.47184,0.00395,0.010596,0.003532,0.010596,0.003532,0.010596,0.003532,0.010596,0.003532
100,7655.38,1.11888,0.5481,0.00367,0.93111,0.91682,0.95358,0.70192,0.97117,0.46604,0.00396,0.010398,0.003466,0.010398,0.003466,0.010398,0.003466,0.010398,0.003466
101,7730.56,1.12834,0.56288,0.00374,0.935,0.91086,0.95355,0.70063,0.96821,0.47092,0.00394,0.0102,0.0034,0.0102,0.0034,0.0102,0.0034,0.0102,0.0034
102,7806.02,1.11629,0.5478,0.00365,0.92661,0.90926,0.94988,0.6995,0.97042,0.46684,0.00395,0.010002,0.003334,0.010002,0.003334,0.010002,0.003334,0.010002,0.003334
103,7881.47,1.11765,0.55987,0.00365,0.9288,0.9121,0.95229,0.70201,0.96329,0.47518,0.00392,0.009804,0.003268,0.009804,0.003268,0.009804,0.003268,0.009804,0.003268
104,7957.77,1.13499,0.54621,0.00381,0.91618,0.91941,0.95198,0.70131,0.97052,0.46397,0.00394,0.009606,0.003202,0.009606,0.003202,0.009606,0.003202,0.009606,0.003202
105,8031.9,1.11239,0.52634,0.00367,0.92499,0.92076,0.95363,0.70487,0.96779,0.45746,0.00394,0.009408,0.003136,0.009408,0.003136,0.009408,0.003136,0.009408,0.003136
106,8107.08,1.10258,0.53785,0.00363,0.92727,0.91304,0.95403,0.7065,0.96236,0.45922,0.00391,0.00921,0.00307,0.00921,0.00307,0.00921,0.00307,0.00921,0.00307
107,8182.83,1.11111,0.51778,0.0036,0.93597,0.9118,0.95521,0.70766,0.95819,0.45795,0.00389,0.009012,0.003004,0.009012,0.003004,0.009012,0.003004,0.009012,0.003004
108,8257.99,1.09838,0.54204,0.00367,0.93585,0.9238,0.95844,0.71613,0.95198,0.44553,0.00386,0.008814,0.002938,0.008814,0.002938,0.008814,0.002938,0.008814,0.002938
109,8333.07,1.10086,0.52931,0.00363,0.93952,0.92495,0.95936,0.71928,0.95114,0.43411,0.00385,0.008616,0.002872,0.008616,0.002872,0.008616,0.002872,0.008616,0.002872
110,8407.38,1.10179,0.52772,0.00355,0.9467,0.9206,0.95973,0.71954,0.94921,0.43975,0.00384,0.008418,0.002806,0.008418,0.002806,0.008418,0.002806,0.008418,0.002806
111,8481.47,1.07483,0.53664,0.00352,0.94562,0.93289,0.96124,0.72269,0.94964,0.42562,0.00384,0.00822,0.00274,0.00822,0.00274,0.00822,0.00274,0.00822,0.00274
112,8556.77,1.0995,0.5407,0.00358,0.93999,0.93384,0.96161,0.72305,0.95032,0.41956,0.00384,0.008022,0.002674,0.008022,0.002674,0.008022,0.002674,0.008022,0.002674
113,8632.82,1.06595,0.51918,0.00358,0.94502,0.926,0.96075,0.72222,0.94542,0.43305,0.00382,0.007824,0.002608,0.007824,0.002608,0.007824,0.002608,0.007824,0.002608
114,8709.38,1.07738,0.50811,0.00353,0.93235,0.93006,0.95829,0.72112,0.94991,0.43146,0.00385,0.007626,0.002542,0.007626,0.002542,0.007626,0.002542,0.007626,0.002542
115,8785.03,1.05562,0.49887,0.00346,0.95048,0.92628,0.95761,0.7176,0.95238,0.42243,0.00386,0.007428,0.002476,0.007428,0.002476,0.007428,0.002476,0.007428,0.002476
116,8861,1.04886,0.48745,0.00348,0.95849,0.91664,0.95795,0.71968,0.95077,0.42065,0.00385,0.00723,0.00241,0.00723,0.00241,0.00723,0.00241,0.00723,0.00241
117,8936.57,1.05629,0.48795,0.00343,0.9486,0.91966,0.95804,0.71953,0.95258,0.42228,0.00386,0.007032,0.002344,0.007032,0.002344,0.007032,0.002344,0.007032,0.002344
118,9011.35,1.03259,0.49488,0.00339,0.94964,0.91966,0.95843,0.72196,0.94481,0.42603,0.00383,0.006834,0.002278,0.006834,0.002278,0.006834,0.002278,0.006834,0.002278
119,9086.01,1.04289,0.50042,0.00339,0.95356,0.91493,0.96087,0.72339,0.94632,0.42503,0.00383,0.006636,0.002212,0.006636,0.002212,0.006636,0.002212,0.006636,0.002212
120,9161.41,1.05634,0.49719,0.00348,0.95003,0.91653,0.96026,0.72195,0.94664,0.42968,0.00382,0.006438,0.002146,0.006438,0.002146,0.006438,0.002146,0.006438,0.002146
121,9236.34,1.03561,0.49935,0.00335,0.95076,0.91255,0.96003,0.72128,0.946,0.42909,0.00382,0.00624,0.00208,0.00624,0.00208,0.00624,0.00208,0.00624,0.00208
122,9311.69,1.03429,0.47956,0.00336,0.9564,0.90454,0.9586,0.72053,0.94246,0.43403,0.00381,0.006042,0.002014,0.006042,0.002014,0.006042,0.002014,0.006042,0.002014
123,9387.37,1.03216,0.4883,0.00336,0.93259,0.9206,0.95849,0.72109,0.94093,0.43183,0.00381,0.005844,0.001948,0.005844,0.001948,0.005844,0.001948,0.005844,0.001948
124,9463.12,1.02794,0.47503,0.00334,0.94269,0.91734,0.95825,0.72119,0.94108,0.43406,0.00381,0.005646,0.001882,0.005646,0.001882,0.005646,0.001882,0.005646,0.001882
125,9538.13,1.01984,0.47451,0.00331,0.94479,0.92202,0.95941,0.72277,0.94454,0.422,0.00383,0.005448,0.001816,0.005448,0.001816,0.005448,0.001816,0.005448,0.001816
126,9613.23,1.03824,0.48622,0.00335,0.95756,0.91701,0.96103,0.72501,0.94759,0.4105,0.00385,0.00525,0.00175,0.00525,0.00175,0.00525,0.00175,0.00525,0.00175
127,9689.83,1.01234,0.46157,0.00338,0.95686,0.91588,0.96238,0.72496,0.9406,0.42624,0.00381,0.005052,0.001684,0.005052,0.001684,0.005052,0.001684,0.005052,0.001684
128,9766.46,1.00551,0.46589,0.0033,0.9565,0.91437,0.96145,0.72377,0.94468,0.41756,0.00383,0.004854,0.001618,0.004854,0.001618,0.004854,0.001618,0.004854,0.001618
129,9842.93,1.02105,0.48449,0.0033,0.94827,0.91829,0.96156,0.72418,0.94222,0.41948,0.00382,0.004656,0.001552,0.004656,0.001552,0.004656,0.001552,0.004656,0.001552
130,9917.57,1.00672,0.46563,0.0033,0.94654,0.9206,0.96175,0.72623,0.94038,0.41706,0.00381,0.004458,0.001486,0.004458,0.001486,0.004458,0.001486,0.004458,0.001486
131,9993.06,1.01507,0.47008,0.00323,0.95177,0.91966,0.96234,0.72736,0.94095,0.41092,0.00382,0.00426,0.00142,0.00426,0.00142,0.00426,0.00142,0.00426,0.00142
132,10069.5,0.97224,0.42769,0.00317,0.9474,0.92344,0.96237,0.72644,0.94066,0.40889,0.00382,0.004062,0.001354,0.004062,0.001354,0.004062,0.001354,0.004062,0.001354
133,10144.1,1.00999,0.46767,0.00324,0.94441,0.92628,0.96186,0.72756,0.93911,0.41146,0.00381,0.003864,0.001288,0.003864,0.001288,0.003864,0.001288,0.003864,0.001288
134,10219.3,0.99184,0.43487,0.00324,0.94732,0.92817,0.9625,0.72755,0.9389,0.41039,0.00381,0.003666,0.001222,0.003666,0.001222,0.003666,0.001222,0.003666,0.001222
135,10294.1,0.97662,0.45676,0.00315,0.94583,0.93006,0.96296,0.72744,0.9379,0.4088,0.00381,0.003468,0.001156,0.003468,0.001156,0.003468,0.001156,0.003468,0.001156
136,10369.8,0.96939,0.4382,0.00316,0.95047,0.92504,0.96239,0.7278,0.93724,0.41338,0.0038,0.00327,0.00109,0.00327,0.00109,0.00327,0.00109,0.00327,0.00109
137,10444.9,0.97321,0.44828,0.00317,0.95569,0.92155,0.9627,0.72774,0.93656,0.41311,0.0038,0.003072,0.001024,0.003072,0.001024,0.003072,0.001024,0.003072,0.001024
138,10520.2,0.98296,0.4528,0.00313,0.95589,0.92169,0.96263,0.72739,0.9366,0.41199,0.0038,0.002874,0.000958,0.002874,0.000958,0.002874,0.000958,0.002874,0.000958
139,10594.9,0.97387,0.44152,0.00319,0.95563,0.91871,0.96256,0.72808,0.93523,0.41109,0.00379,0.002676,0.000892,0.002676,0.000892,0.002676,0.000892,0.002676,0.000892
140,10671.4,0.96916,0.45626,0.00313,0.95589,0.91871,0.96178,0.72831,0.93397,0.41073,0.00378,0.002478,0.000826,0.002478,0.000826,0.002478,0.000826,0.002478,0.000826
141,10745.4,0.88312,0.34892,0.00338,0.95375,0.9206,0.96161,0.72831,0.93402,0.41295,0.00378,0.00228,0.00076,0.00228,0.00076,0.00228,0.00076,0.00228,0.00076
142,10817.7,0.87997,0.34358,0.0034,0.95138,0.92482,0.96179,0.72899,0.93396,0.41175,0.00378,0.002082,0.000694,0.002082,0.000694,0.002082,0.000694,0.002082,0.000694
143,10888.9,0.88796,0.35407,0.00337,0.94979,0.92967,0.96191,0.7293,0.93502,0.41088,0.00379,0.001884,0.000628,0.001884,0.000628,0.001884,0.000628,0.001884,0.000628
144,10960.8,0.87461,0.33022,0.00335,0.95022,0.931,0.96163,0.73008,0.93389,0.41196,0.00378,0.001686,0.000562,0.001686,0.000562,0.001686,0.000562,0.001686,0.000562
145,11033.2,0.86282,0.33824,0.00327,0.9481,0.93247,0.96138,0.72967,0.93509,0.40931,0.00378,0.001488,0.000496,0.001488,0.000496,0.001488,0.000496,0.001488,0.000496
146,11104.4,0.86596,0.34025,0.00336,0.95426,0.92628,0.96169,0.73031,0.93562,0.40542,0.00378,0.00129,0.00043,0.00129,0.00043,0.00129,0.00043,0.00129,0.00043
147,11175.4,0.86831,0.34221,0.00334,0.9528,0.92722,0.96123,0.73024,0.93355,0.41083,0.00377,0.001092,0.000364,0.001092,0.000364,0.001092,0.000364,0.001092,0.000364
148,11246.7,0.85359,0.33484,0.00325,0.95403,0.92628,0.9614,0.73008,0.93329,0.40879,0.00377,0.000894,0.000298,0.000894,0.000298,0.000894,0.000298,0.000894,0.000298
149,11318.8,0.85974,0.32612,0.00324,0.95399,0.92722,0.96172,0.73072,0.93391,0.40711,0.00378,0.000696,0.000232,0.000696,0.000232,0.000696,0.000232,0.000696,0.000232
150,11390.8,0.85147,0.323,0.00323,0.95118,0.93006,0.96175,0.7308,0.93326,0.40704,0.00378,0.000498,0.000166,0.000498,0.000166,0.000498,0.000166,0.000498,0.000166
